num_experiments = 15;
lMax = 20;

        a           alpha          d    
    _________    ___________    ________

     0.012196       -0.93721    0.077319
      0.18625        0.39058     0.54752
      0.18707       -0.02008      10.194
      0.29683        0.35522     -10.581
      0.11678       -0.48084     0.04036
    -0.030093         2.6726      -13120
      0.06283    -1.5128e-07     -476.63


delta_r_bar =

   1.0e+04 *

    1.3989
    0.3997
    1.0782
   -0.8569
    1.5559
   -0.3523
   -0.7255
    0.8243
    1.4400
    0.1449
    1.4519
    1.0724
   -1.4072
   -0.3529
    1.0836
   -0.1778
    1.2667
    1.2818
    0.9787
   -1.5193
    0.1144
   -0.9692
    1.1850
    0.9672
    0.1515
    1.2868
    1.2650
    0.0692
    1.2919
    1.2671
   -0.3615
   -1.3010
   -1.2066
    1.4877
   -0.7928
    0.6613
    0.7555
   -0.8782
    1.3918
    1.7413
   -0.2072
    0.4514
   -1.0422
   -1.4177
    0.4280